image: map2.pgm
resolution: 0.050000
origin: [-3.006254, -7.573968, 0.000000]
negate: 0
occupied_thresh: 0.65
free_thresh: 0.196

